             precision    recall  f1-score   support

          0       0.26      0.21      0.23       115
          1       0.23      0.14      0.17       112
          2       0.23      0.14      0.17       100
          3       0.27      0.55      0.36       101
          4       0.22      0.19      0.20        88
          5       0.20      0.13      0.16       101
          6       0.22      0.48      0.30       115
          7       0.09      0.27      0.14        22
          8       0.26      0.41      0.32       106
          9       0.26      0.09      0.14       119
         10       0.15      0.11      0.13       106
         11       0.28      0.08      0.12       115
         12       0.15      0.08      0.10        53
         13       0.17      0.19      0.18        80

avg / total       0.22      0.22      0.20      1333

             precision    recall  f1-score   support

          0       0.20      0.01      0.02       115
          1       0.37      0.15      0.22       112
          2       0.25      0.04      0.07       100
          3       0.42      0.28      0.33       101
          4       0.17      0.67      0.27        88
          5       0.25      0.22      0.23       101
          6       0.47      0.23      0.31       115
          7       0.10      0.27      0.15        22
          8       0.35      0.26      0.30       106
          9       0.22      0.17      0.19       119
         10       0.15      0.06      0.08       106
         11       0.04      0.01      0.01       115
         12       0.06      0.13      0.08        53
         13       0.13      0.46      0.20        80

avg / total       0.24      0.20      0.18      1333

             precision    recall  f1-score   support

          0       0.35      0.31      0.33       115
          1       0.30      0.23      0.26       112
          2       0.15      0.16      0.16       100
          3       0.33      0.43      0.37       101
          4       0.23      0.26      0.25        88
          5       0.27      0.29      0.28       101
          6       0.36      0.37      0.36       115
          7       0.09      0.09      0.09        22
          8       0.34      0.32      0.33       106
          9       0.21      0.19      0.20       119
         10       0.14      0.12      0.13       106
         11       0.24      0.20      0.22       115
         12       0.06      0.04      0.05        53
         13       0.22      0.34      0.26        80

avg / total       0.25      0.25      0.25      1333

